Input size: 13
Output size: 51
Epoch [1/10], Loss: 20.8036, Accuracy: 13.10%
Epoch [2/10], Loss: 11.2037, Accuracy: 13.04%
Test Accuracy: 13.11%
              precision    recall  f1-score   support

           1       0.00      0.00      0.00      1568
           2       0.00      0.00      0.00      2148
           3       0.00      0.00      0.00      1526
           4       0.26      0.17      0.20     37277
           5       0.17      0.10      0.13     19866
           6       0.00      0.00      0.00        63
           7       0.05      0.04      0.05      2569
           8       0.00      0.00      0.00        46
           9       0.00      0.00      0.00         9
          11       0.00      0.00      0.00        32
          12       0.11      0.01      0.02      5807
          13       0.00      0.00      0.00      1724
          14       0.00      0.00      0.00       228
          15       0.10      0.10      0.10     10855
          16       0.00      0.01      0.01      1033
          17       0.00      0.00      0.00        89
          18       0.00      0.00      0.00        12
          19       0.09      0.08      0.09     10838
          20       0.11      0.03      0.05      4888
          21       0.00      0.00      0.00       131
          22       0.20      0.01      0.01     50036
          23       0.07      0.25      0.11      2455
          24       0.12      0.08      0.10     25080
          25       0.28      0.68      0.40     25742
          26       0.01      0.00      0.00      1496
          27       0.01      0.02      0.01      1299
          28       0.00      0.00      0.00        20
          29       0.12      0.10      0.11      5504
          30       0.19      0.14      0.16     32384
          31       0.00      0.00      0.00       183
          32       0.16      0.01      0.03     18795
          33       0.03      0.11      0.04      6669
          34       0.00      0.00      0.00       143
          35       0.00      0.06      0.01       556
          36       0.00      0.00      0.00       297
          37       0.07      0.14      0.09      1532
          38       0.00      0.00      0.00        35
          39       0.00      0.00      0.00       780
          40       0.00      0.00      0.00       937
          41       0.00      0.00      0.00       185
          42       0.07      0.00      0.01     13275
          43       0.07      0.01      0.01      6358
          44       0.00      0.00      0.00       126
          45       0.00      0.00      0.00      1068
          46       0.00      0.00      0.00       510
          47       0.00      0.00      0.00        33
          48       0.00      0.00      0.00     19564
          49       0.00      0.00      0.00        36
          50       0.00      0.00      0.00      1040
          51       0.06      0.46      0.11     13005

    accuracy                           0.13    329852
   macro avg       0.05      0.05      0.04    329852
weighted avg       0.15      0.13      0.10    329852

Epoch [1/10], Loss: 26.2500, Accuracy: 12.31%
Epoch [2/10], Loss: 13.4334, Accuracy: 9.89%
Test Accuracy: 9.90%
              precision    recall  f1-score   support

           1       0.11      0.15      0.13      1568
           2       0.00      0.00      0.00      2148
           3       0.00      0.00      0.00      1526
           4       0.21      0.26      0.23     37277
           5       0.06      0.00      0.00     19866
           6       0.00      0.00      0.00        63
           7       0.00      0.00      0.00      2569
           8       0.00      0.00      0.00        46
           9       0.00      0.00      0.00         9
          11       0.00      0.00      0.00        32
          12       0.07      0.00      0.00      5807
          13       0.00      0.00      0.00      1724
          14       0.00      0.00      0.00       228
          15       0.00      0.00      0.00     10855
          16       0.00      0.00      0.00      1033
          17       0.00      0.00      0.00        89
          18       0.00      0.00      0.00        12
          19       0.14      0.07      0.10     10838
          20       0.04      0.00      0.00      4888
          21       0.00      0.00      0.00       131
          22       0.26      0.00      0.00     50036
          23       0.05      0.01      0.01      2455
          24       0.09      0.60      0.16     25080
          25       0.52      0.02      0.03     25742
          26       0.00      0.00      0.00      1496
          27       0.00      0.00      0.00      1299
          28       0.00      0.00      0.00        20
          29       0.17      0.11      0.13      5504
          30       0.14      0.01      0.02     32384
          31       0.00      0.00      0.00       183
          32       0.10      0.16      0.13     18795
          33       0.04      0.03      0.04      6669
          34       0.00      0.00      0.00       143
          35       0.00      0.00      0.00       556
          36       0.00      0.00      0.00       297
          37       0.06      0.00      0.00      1532
          38       0.00      0.00      0.00        35
          39       0.00      0.00      0.00       780
          40       0.00      0.00      0.00       937
          41       0.00      0.00      0.00       185
          42       0.04      0.00      0.00     13275
          43       0.03      0.28      0.05      6358
          44       0.00      0.00      0.00       126
          45       0.00      0.00      0.00      1068
          46       0.00      0.00      0.00       510
          47       0.00      0.00      0.00        33
          48       0.00      0.00      0.00     19564
          49       0.00      0.00      0.00        36
          50       0.00      0.00      0.00      1040
          51       0.57      0.02      0.03     13005

    accuracy                           0.10    329852
   macro avg       0.05      0.03      0.02    329852
weighted avg       0.17      0.10      0.06    329852

Epoch [1/10], Loss: 2.5382, Accuracy: 92.89%
Epoch [2/10], Loss: 0.6448, Accuracy: 92.88%
Test Accuracy: 92.76%
              precision    recall  f1-score   support

           0       0.93      1.00      0.96    306108
           1       0.28      0.00      0.01     23744

    accuracy                           0.93    329852
   macro avg       0.60      0.50      0.48    329852
weighted avg       0.88      0.93      0.89    329852

Epoch [1/10], Loss: 4.8439, Accuracy: 92.25%
Epoch [2/10], Loss: 5.6640, Accuracy: 92.91%
Epoch [3/10], Loss: 4.1360, Accuracy: 92.91%
Epoch [4/10], Loss: 1.5980, Accuracy: 92.89%
Test Accuracy: 92.78%
              precision    recall  f1-score   support

           0       0.93      1.00      0.96    306108
           1       0.06      0.00      0.00     23744

    accuracy                           0.93    329852
   macro avg       0.50      0.50      0.48    329852
weighted avg       0.87      0.93      0.89    329852

